%YAML:1.0
---
image_width: 1800
image_height: 1500

camera_matrix:
   rows: 3
   cols: 3
   dt: d
   data: [ 1.6827211560183157e+03, 0., 8.7621264157629435e+02,
           0., 1.6868635551237285e+03, 7.1604870182330842e+02,
           0., 0., 1. ]

distortion_coefficients:
   rows: 1
   cols: 5
   dt: d
   # OpenCV order: [k1, k2, p1, p2, k3]
   data: [ -2.4380802897126930e-01, 1.3108060087262521e-01,
           4.5755385790935974e-04, -9.4551266628611745e-04,
           -9.6131887056258136e-02 ]
