%YAML:1.0
---
R: !!opencv-matrix
   rows: 3
   cols: 3
   dt: d
   data: [ 0.041770588032938205, -0.010702014861705633,
       0.9990699098928375, 0.95940105347545479, -0.27873319673636665,
       -0.043097837849637444, 0.27893518344871876, 0.96030894607674355,
       -0.0013753251993482429 ]
t: !!opencv-matrix
   rows: 3
   cols: 1
   dt: d
   data: [ 0.20119645845007719, -0.017083328180378912,
       0.069756536001889913 ]
