poses:
  bottom: [12.0, 16.0, 42.0, -1.0, 30.0, 13.0]
  trivial: [12.0, 16.0, 42.0, -1.0, 30.0, 13.0]
  p6: [12.0, 16.0, 42.0, -1.0, 30.0, 13.0]
  ref: [12.0, 16.0, 42.0, -1.0, 30.0, 13.0]
  stern: [10.0, 32.0, 27.0, 10.0, 111.0, 6.0]
  p5: [10.0, 32.0, 27.0, 10.0, 111.0, 6.0]
  sidewall: [3.0, 22.0, 39.0, -78.0, 68.0, -28.0]
  p1: [3.0, 22.0, 39.0, -78.0, 68.0, -28.0]
  vision: [-54.057872772216797, 36.962757110595703, -61.73524093627929, 1.0595716238021851, 113.83643341064453, -69.586479187011719]
  test: [8.8867330551147461, -2.3126523494720459, 48.431758880615234, -0.46280664205551142, 42.683780670166016, -6.6219172477722168]